   xy    = (12.3, 3.6)
   x     = 12.3
   y     = 3.6
   r     = 12.816005617976298
   theta = 0.2847304385227121
